690.9698 922.24387
782.3203 965.96998
690.33086 904.63333
761.41844 46.85272
732.55075 872.13096
715.91865 68.38155
772.37467 -107.38019
-406.82717 -946.5437
631.89357 922.19766
731.54709 1102.46119
-825.01569 -917.50115
591.17995 787.81931
-477.55265 -834.89427
765.95472 920.92783
-601.16295 -1132.20321
918.01887 144.69239
810.05085 872.02387
-528.5927 -933.12615
-528.9067 -1018.31984
862.05723 1037.68061
859.87721 204.21032
702.3397 1007.56587
-597.35156 -1042.47243
872.44421 1054.78517
-396.05938 -886.26825
742.39869 178.16177
-677.96496 -1109.18002
692.91632 955.73668
835.20568 -76.6427
783.38211 128.81977
783.77876 -73.24376
683.48506 -29.4513
772.43797 1037.53098
-466.39218 -773.8569
670.18713 889.39034
808.49358 2.85355
794.24425 29.01971
692.40733 870.27455
650.84038 92.91019
-487.10811 -1066.88625
-585.13535 -997.57083
-475.85311 -888.88084
608.38776 866.20811
700.60878 989.49106
868.48449 -65.14365
745.40476 -62.80908
733.49259 944.9545
717.40239 44.58866
744.6892 932.90354
779.66868 105.49409
803.71102 -36.53001
833.0988 -53.43184
-549.14964 -841.90864
678.39522 950.47753
641.3661 147.85442
811.14334 785.9697
-557.88952 -926.48011
710.18319 -3.64046
634.48786 738.20161
813.46431 889.08968
784.98847 1006.32532
667.72058 -21.69308
770.22909 -60.47747
661.35426 1156.44554
808.86582 961.3581
756.73423 939.91864
709.01502 824.54072
649.17577 1094.54149
740.1247 958.319
647.19077 916.05482
682.65203 118.51022
689.06637 191.23017
809.92888 972.99916
-631.41326 -1061.16985
-586.60663 -998.84231
761.68346 969.96321
578.23811 1011.31523
730.16332 944.39176
701.25787 1155.70152
-466.49005 -920.16405
681.33359 120.59696
681.86745 993.67413
639.73413 75.94166
-507.47869 -962.81983
-443.86344 -1080.63294
777.74843 1022.47404
498.4424 874.12067
701.45239 57.08363
829.00791 839.32324
836.61329 61.43679
814.22972 67.4558
783.58051 961.34989
-413.20954 -840.38058
766.03061 1007.90311
-577.1042 -982.54121
753.56923 1041.34621
-497.91991 -1075.74811
882.31585 911.65413
-609.37953 -1063.69379
-618.51355 -986.0564
872.34386 1037.57691
-455.12962 -1047.7206
686.83572 961.17407
642.82059 904.44307
-568.50832 -871.71181
763.91963 153.42782
711.19477 1116.71648
-724.99677 -1037.68591
681.19474 140.08484
-495.89192 -1006.3585
-555.24419 -972.68887
661.69261 1099.25295
856.65435 20.4414
837.85617 1079.27815
-435.13196 -875.80844
704.08751 834.8852
610.65266 927.74855
613.891 34.71908
732.33212 107.99482
771.86634 10.88557
766.26435 967.65224
673.75584 816.1639
-534.9187 -1000.94634
-471.16787 -920.01442
632.86649 203.17897
735.77658 20.86196
-520.14982 -987.15309
623.83514 884.0832
769.94592 81.67692
780.49851 1039.86954
719.84104 86.43065
800.37882 969.60098
-493.6499 -1073.58675
620.13198 -76.9974
706.60423 924.1341
630.38952 132.05992
-554.63258 -987.36552
-652.22913 -964.56019
-589.41932 -847.8546
833.30706 -29.13331
821.48823 975.25055
-546.3558 -1007.86103
-503.32869 -985.45838
782.12875 902.30909
-402.64759 -1097.71795
703.73704 937.02797
-462.7791 -814.69824
745.63027 47.19824
-582.41022 -1021.2668
-600.35864 -1007.871
-434.38385 -940.16622
-387.62511 -994.26971
-658.03648 -927.84735
-480.99654 -914.87915
827.16392 94.03222
723.24364 158.71658
660.01028 33.14377
712.84546 1087.69485
669.69459 7.31484
-423.61592 -857.95999
892.35718 92.54986
678.06125 934.80518
575.8275 87.42663
-519.17446 -1060.8807
-545.50866 -870.51558
-653.59664 -1013.17418
-474.44524 -979.45244
-524.61101 -1087.72729
803.09 844.60205
705.33412 947.85508
902.08629 993.96923
596.5136 31.38858
706.26605 101.09157
769.24962 1102.72205
694.91993 949.59518
656.07993 832.92838
707.52053 -48.04814
-347.28186 -1083.0754
-615.21495 -916.5591
953.44605 -152.92517
-639.33122 -1082.3823
642.53009 28.94825
-396.10767 -1049.02362
664.15423 25.82101
819.89936 1035.59725
706.76203 149.21342
-515.6551 -906.9813
-540.34224 -942.3135
632.96925 951.79002
741.96987 169.6178
820.44423 118.55487
-397.62431 -1042.75214
831.77745 951.66591
-617.89346 -914.99078
-570.09312 -917.50089
-566.18466 -984.18412
855.0096 55.81096
759.64674 875.07783
757.58233 -19.19441
610.41459 -22.04875
853.88263 877.85231
638.17775 -103.66774
779.83457 921.89744
808.54955 936.25135
853.4211 867.93086
853.61304 1048.8371
843.5516 940.63485
686.68933 213.43978
565.15582 1036.24639
-509.73684 -832.0101
-516.02492 -1116.02228
748.71985 44.98971
-631.47474 -1025.13141
711.19256 -70.28598
-409.06166 -1011.04159
-458.42541 -964.9274
920.30406 91.3632
659.35724 845.41582
-550.03236 -763.04021
-344.86751 -1148.44933
748.67491 35.65965
735.75081 33.62407
736.42562 792.15341
-628.13084 -1090.49235
774.75891 760.1697
710.76387 105.56538
-578.08573 -943.44713
753.54473 -149.25117
822.76613 49.94551
-451.18614 -987.19587
-346.56747 -1078.60505
741.05949 2.27931
680.99216 -22.36362
-541.14118 -916.05231
-506.23023 -1016.13416
822.7626 244.86892
781.9028 134.84257
749.05518 1037.2024
861.92901 77.18481
797.35875 967.50488
-457.02324 -958.54755
-709.12478 -819.66179
745.7864 41.62901
701.36945 144.70423
-616.98456 -993.00243
-507.43859 -860.97338
-374.8177 -1015.80669
630.32994 995.62725
-613.73603 -975.59728
637.74648 173.96021
821.65219 926.38676
747.55015 1103.21305
796.36989 860.47828
-501.05571 -1031.77334
767.1902 -23.14728
647.66228 80.83513
670.66869 910.5999
-516.26669 -930.34276
733.92002 -179.41684
896.88917 5.39457
-534.1421 -927.32794
623.18962 264.59052
-616.88159 -966.33589
758.61256 929.5952
583.29512 -19.5983
-507.265 -926.9153
719.19777 37.70427
-573.59264 -898.97533
-455.89116 -924.6616
-688.25156 -1016.43796
843.52721 690.54711
-407.46105 -840.714
671.17978 -33.15437
552.06894 1009.94993
-537.8671 -988.28888
-645.12482 -1031.25944
713.45561 50.74227
-588.34986 -1079.84447
-520.28586 -1136.74277
721.66743 58.05962
711.26979 51.11235
853.05392 795.364
675.22678 992.52668
829.86595 74.46054
921.31235 862.36503
-690.56776 -929.20257
550.45541 1058.93028
844.67193 -61.96113
824.70936 230.24328
-559.44353 -990.00944
773.15165 966.85793
806.88224 92.52852
778.93068 755.10981
-442.01288 -1023.42958
728.57454 -37.97852
-617.62374 -926.34584
-550.89666 -951.14161
897.05159 81.22126
752.93486 72.16988
679.01383 -13.71018
688.06974 1002.11308
-522.17718 -945.18963
-485.94109 -960.83939
680.389 920.1147
-402.66989 -1009.11309
-375.625 -929.95924
829.64064 854.71848
835.43347 98.50288
765.16818 828.48949
-641.53551 -1081.57654
668.19696 109.87744
666.7364 1149.86664
648.40763 171.34205
-402.63934 -1017.86692
836.4251 908.54608
830.28607 1050.43098
676.52098 39.67382
731.25518 184.48584
938.34538 -9.32738
-466.78961 -1003.99772
956.07597 26.99142
842.21449 829.00064
817.88513 -14.10089
761.73715 1037.55865
879.77475 898.76457
715.17903 27.08396
915.98565 1067.7741
531.32122 -48.49114
700.34798 1039.26677
853.15115 796.73035
-432.29337 -927.98607
859.12423 913.07188
677.65486 -43.7522
815.67198 986.55995
-537.69993 -967.50023
743.86215 938.97719
835.99575 136.14825
876.31646 891.66798
