690.9698,922.24387 1
782.3203,965.96998 1
690.33086,904.63333 1
761.41844,46.85272 2
732.55075,872.13096 1
715.91865,68.38155 2
772.37467,-107.38019 2
-406.82717,-946.5437 3
631.89357,922.19766 1
731.54709,1102.46119 1
-825.01569,-917.50115 3
591.17995,787.81931 1
-477.55265,-834.89427 3
765.95472,920.92783 1
-601.16295,-1132.20321 3
918.01887,144.69239 2
810.05085,872.02387 1
-528.5927,-933.12615 3
-528.9067,-1018.31984 3
862.05723,1037.68061 1
859.87721,204.21032 2
702.3397,1007.56587 1
-597.35156,-1042.47243 3
872.44421,1054.78517 1
-396.05938,-886.26825 3
742.39869,178.16177 2
-677.96496,-1109.18002 3
692.91632,955.73668 1
835.20568,-76.6427 2
783.38211,128.81977 2
783.77876,-73.24376 2
683.48506,-29.4513 2
772.43797,1037.53098 1
-466.39218,-773.8569 3
670.18713,889.39034 1
808.49358,2.85355 2
794.24425,29.01971 2
692.40733,870.27455 1
650.84038,92.91019 2
-487.10811,-1066.88625 3
-585.13535,-997.57083 3
-475.85311,-888.88084 3
608.38776,866.20811 1
700.60878,989.49106 1
868.48449,-65.14365 2
745.40476,-62.80908 2
733.49259,944.9545 1
717.40239,44.58866 2
744.6892,932.90354 1
779.66868,105.49409 2
803.71102,-36.53001 2
833.0988,-53.43184 2
-549.14964,-841.90864 3
678.39522,950.47753 1
641.3661,147.85442 2
811.14334,785.9697 1
-557.88952,-926.48011 3
710.18319,-3.64046 2
634.48786,738.20161 1
813.46431,889.08968 1
784.98847,1006.32532 1
667.72058,-21.69308 2
770.22909,-60.47747 2
661.35426,1156.44554 1
808.86582,961.3581 1
756.73423,939.91864 1
709.01502,824.54072 1
649.17577,1094.54149 1
740.1247,958.319 1
647.19077,916.05482 1
682.65203,118.51022 2
689.06637,191.23017 2
809.92888,972.99916 1
-631.41326,-1061.16985 3
-586.60663,-998.84231 3
761.68346,969.96321 1
578.23811,1011.31523 1
730.16332,944.39176 1
701.25787,1155.70152 1
-466.49005,-920.16405 3
681.33359,120.59696 2
681.86745,993.67413 1
639.73413,75.94166 2
-507.47869,-962.81983 3
-443.86344,-1080.63294 3
777.74843,1022.47404 1
498.4424,874.12067 1
701.45239,57.08363 2
829.00791,839.32324 1
836.61329,61.43679 2
814.22972,67.4558 2
783.58051,961.34989 1
-413.20954,-840.38058 3
766.03061,1007.90311 1
-577.1042,-982.54121 3
753.56923,1041.34621 1
-497.91991,-1075.74811 3
882.31585,911.65413 1
-609.37953,-1063.69379 3
-618.51355,-986.0564 3
872.34386,1037.57691 1
-455.12962,-1047.7206 3
686.83572,961.17407 1
642.82059,904.44307 1
-568.50832,-871.71181 3
763.91963,153.42782 2
711.19477,1116.71648 1
-724.99677,-1037.68591 3
681.19474,140.08484 2
-495.89192,-1006.3585 3
-555.24419,-972.68887 3
661.69261,1099.25295 1
856.65435,20.4414 2
837.85617,1079.27815 1
-435.13196,-875.80844 3
704.08751,834.8852 1
610.65266,927.74855 1
613.891,34.71908 2
732.33212,107.99482 2
771.86634,10.88557 2
766.26435,967.65224 1
673.75584,816.1639 1
-534.9187,-1000.94634 3
-471.16787,-920.01442 3
632.86649,203.17897 2
735.77658,20.86196 2
-520.14982,-987.15309 3
623.83514,884.0832 1
769.94592,81.67692 2
780.49851,1039.86954 1
719.84104,86.43065 2
800.37882,969.60098 1
-493.6499,-1073.58675 3
620.13198,-76.9974 2
706.60423,924.1341 1
630.38952,132.05992 2
-554.63258,-987.36552 3
-652.22913,-964.56019 3
-589.41932,-847.8546 3
833.30706,-29.13331 2
821.48823,975.25055 1
-546.3558,-1007.86103 3
-503.32869,-985.45838 3
782.12875,902.30909 1
-402.64759,-1097.71795 3
703.73704,937.02797 1
-462.7791,-814.69824 3
745.63027,47.19824 2
-582.41022,-1021.2668 3
-600.35864,-1007.871 3
-434.38385,-940.16622 3
-387.62511,-994.26971 3
-658.03648,-927.84735 3
-480.99654,-914.87915 3
827.16392,94.03222 2
723.24364,158.71658 2
660.01028,33.14377 2
712.84546,1087.69485 1
669.69459,7.31484 2
-423.61592,-857.95999 3
892.35718,92.54986 2
678.06125,934.80518 1
575.8275,87.42663 2
-519.17446,-1060.8807 3
-545.50866,-870.51558 3
-653.59664,-1013.17418 3
-474.44524,-979.45244 3
-524.61101,-1087.72729 3
803.09,844.60205 1
705.33412,947.85508 1
902.08629,993.96923 1
596.5136,31.38858 2
706.26605,101.09157 2
769.24962,1102.72205 1
694.91993,949.59518 1
656.07993,832.92838 1
707.52053,-48.04814 2
-347.28186,-1083.0754 3
-615.21495,-916.5591 3
953.44605,-152.92517 2
-639.33122,-1082.3823 3
642.53009,28.94825 2
-396.10767,-1049.02362 3
664.15423,25.82101 2
819.89936,1035.59725 1
706.76203,149.21342 2
-515.6551,-906.9813 3
-540.34224,-942.3135 3
632.96925,951.79002 1
741.96987,169.6178 2
820.44423,118.55487 2
-397.62431,-1042.75214 3
831.77745,951.66591 1
-617.89346,-914.99078 3
-570.09312,-917.50089 3
-566.18466,-984.18412 3
855.0096,55.81096 2
759.64674,875.07783 1
757.58233,-19.19441 2
610.41459,-22.04875 2
853.88263,877.85231 1
638.17775,-103.66774 2
779.83457,921.89744 1
808.54955,936.25135 1
853.4211,867.93086 1
853.61304,1048.8371 1
843.5516,940.63485 1
686.68933,213.43978 2
565.15582,1036.24639 1
-509.73684,-832.0101 3
-516.02492,-1116.02228 3
748.71985,44.98971 2
-631.47474,-1025.13141 3
711.19256,-70.28598 2
-409.06166,-1011.04159 3
-458.42541,-964.9274 3
920.30406,91.3632 2
659.35724,845.41582 1
-550.03236,-763.04021 3
-344.86751,-1148.44933 3
748.67491,35.65965 2
735.75081,33.62407 2
736.42562,792.15341 1
-628.13084,-1090.49235 3
774.75891,760.1697 1
710.76387,105.56538 2
-578.08573,-943.44713 3
753.54473,-149.25117 2
822.76613,49.94551 2
-451.18614,-987.19587 3
-346.56747,-1078.60505 3
741.05949,2.27931 2
680.99216,-22.36362 2
-541.14118,-916.05231 3
-506.23023,-1016.13416 3
822.7626,244.86892 2
781.9028,134.84257 2
749.05518,1037.2024 1
861.92901,77.18481 2
797.35875,967.50488 1
-457.02324,-958.54755 3
-709.12478,-819.66179 3
745.7864,41.62901 2
701.36945,144.70423 2
-616.98456,-993.00243 3
-507.43859,-860.97338 3
-374.8177,-1015.80669 3
630.32994,995.62725 1
-613.73603,-975.59728 3
637.74648,173.96021 2
821.65219,926.38676 1
747.55015,1103.21305 1
796.36989,860.47828 1
-501.05571,-1031.77334 3
767.1902,-23.14728 2
647.66228,80.83513 2
670.66869,910.5999 1
-516.26669,-930.34276 3
733.92002,-179.41684 2
896.88917,5.39457 2
-534.1421,-927.32794 3
623.18962,264.59052 2
-616.88159,-966.33589 3
758.61256,929.5952 1
583.29512,-19.5983 2
-507.265,-926.9153 3
719.19777,37.70427 2
-573.59264,-898.97533 3
-455.89116,-924.6616 3
-688.25156,-1016.43796 3
843.52721,690.54711 1
-407.46105,-840.714 3
671.17978,-33.15437 2
552.06894,1009.94993 1
-537.8671,-988.28888 3
-645.12482,-1031.25944 3
713.45561,50.74227 2
-588.34986,-1079.84447 3
-520.28586,-1136.74277 3
721.66743,58.05962 2
711.26979,51.11235 2
853.05392,795.364 1
675.22678,992.52668 1
829.86595,74.46054 2
921.31235,862.36503 1
-690.56776,-929.20257 3
550.45541,1058.93028 1
844.67193,-61.96113 2
824.70936,230.24328 2
-559.44353,-990.00944 3
773.15165,966.85793 1
806.88224,92.52852 2
778.93068,755.10981 1
-442.01288,-1023.42958 3
728.57454,-37.97852 2
-617.62374,-926.34584 3
-550.89666,-951.14161 3
897.05159,81.22126 2
752.93486,72.16988 2
679.01383,-13.71018 2
688.06974,1002.11308 1
-522.17718,-945.18963 3
-485.94109,-960.83939 3
680.389,920.1147 1
-402.66989,-1009.11309 3
-375.625,-929.95924 3
829.64064,854.71848 1
835.43347,98.50288 2
765.16818,828.48949 1
-641.53551,-1081.57654 3
668.19696,109.87744 2
666.7364,1149.86664 1
648.40763,171.34205 2
-402.63934,-1017.86692 3
836.4251,908.54608 1
830.28607,1050.43098 1
676.52098,39.67382 2
731.25518,184.48584 2
938.34538,-9.32738 2
-466.78961,-1003.99772 3
956.07597,26.99142 2
842.21449,829.00064 1
817.88513,-14.10089 2
761.73715,1037.55865 1
879.77475,898.76457 1
715.17903,27.08396 2
915.98565,1067.7741 1
531.32122,-48.49114 2
700.34798,1039.26677 1
853.15115,796.73035 1
-432.29337,-927.98607 3
859.12423,913.07188 1
677.65486,-43.7522 2
815.67198,986.55995 1
-537.69993,-967.50023 3
743.86215,938.97719 1
835.99575,136.14825 2
876.31646,891.66798 1